-0.818769422
-0.292312881
0.008351104
-0.455709525
-0.892425733
-0.50092315
0.130393805
-0.399821762
-0.913598263
-0.329759244
0.052278069
-0.600559791
-0.717630636
-0.297941924
-0.083988445
-0.380462916
-0.913989712
-0.264590704
0.033149379
-0.376484487
-1.074002748
-0.178613673
0.032611416
-0.48644886
-0.90954462
-0.231466684
-0.113286568
-0.285452528
-0.889414498
-0.389484025
0.085395613
-0.431122942
-0.86160487
-0.255699389
0.049546106
-0.625922979
-0.761187867
-0.257881746
-0.013921866
-0.494307716
-0.859996972
-0.423418802
0.1901822
-0.409881377
-0.952794386
-0.233639218
-0.002111396
-0.42845333
-0.887506877
-0.241434878
-0.156618026
-0.315459395
-0.842093994
-0.324411191
-0.035746987
-0.390113787
-1.018208392
-0.110698604
0.024518002
-0.518257561
-0.790785073
-0.285434425
0.027811099
-0.416719559
-0.872962927
-0.455917942
0.15077524
-0.361897456
-0.907925782
-0.296710071
0.069034246
-0.581216443
-0.707951513
-0.285781769
-0.063452005
-0.445556567
-0.786114504
-0.357208388
0.152171137
-0.462710475
-0.951021722
-0.244542444
0.163296707
-0.576031174
-0.784124873
-0.300204426
-0.005082234
-0.356512093
-0.807346379
-0.449261259
0.095116458
-0.417204571
-0.858560566
-0.237579784
0.073377114
-0.590856129
-0.730847994
-0.212602827
0.004236329
-0.46199165
-0.830377252
-0.410186648
0.236330879
-0.389003378
-0.917917795
-0.27406608
0.15655915
-0.489519385
-0.6980522
-0.258712588
0.008228635
-0.333719133
-0.671410576
-0.360682402
0.171822071
-0.400183994
-0.833500226
-0.120064528
0.211801944
-0.513869333
-0.714520085
-0.150017049
0.141035509
-0.326490948
-0.732526582
-0.359925188
0.260627303
-0.250708662
-0.806761921
-0.214719873
0.135227784
-0.502486779
-0.632713772
-0.21806314
0.017072826
-0.372796646
-0.728509936
-0.198384437
0.097151723
-0.335629903
-1.02006004
-0.126264765
0.110956361
-0.439588175
-0.862255771
-0.174323094
-0.073282954
-0.232826764
-0.87722864
-0.358597013
0.008978492
-0.304035829
-0.814676525
-0.235261724
0.08946429
-0.593714982
-0.746435393
-0.194436715
0.011633955
-0.444571176
-0.819303422
-0.39735305
0.209838629
-0.413968835
-0.967279336
-0.333788848
0.093133928
-0.455541584
-0.878217748
-0.231470801
-0.161668323
-0.271080372
-0.753838612
-0.162685448
0.238428814
0.00123514
-0.47635398
0.612518505
0.94243678
0.59997627
0.375757724
1.178748555
1.421250744
0.906922595
0.393551708
0.580090861
1.008821012
0.307472965
-0.417319853
0.014370759
0.251499507
-0.499829246
-0.716863234
-0.321271773
-0.129598179
-0.543461949
-0.822275082
-0.404669597
0.128461287
-0.476715924
-0.956228671
-0.261875964
0.179746121
-0.55439389
-0.798025238
-0.297205636
0.004302685
-0.338111751
-0.793696123
-0.465713058
0.087960496
-0.431723944
-0.831406933
-0.248201508
0.089282967
-0.57715683
-0.755642693
-0.219249398
0.002133368
-0.452781442
-0.831464547
-0.40194109
0.23041166
-0.409877278
-0.929477168
-0.296702017
0.118791859
-0.499654143
-0.731013113
-0.302043846
-0.044672737
-0.369091832
-0.695111708
-0.414943446
0.112367107
-0.439264391
-0.88080736
-0.165731259
0.148005506
-0.563692687
-0.764950791
-0.225463711
0.082670265
-0.37448078
-0.814594009
-0.405519778
0.219880248
-0.294565661
-0.843888124
-0.227100788
0.106752524
-0.500177763
-0.625638832
-0.19206956
0.023246697
-0.357564937
-0.672854446
-0.228644916
0.262178586
-0.266931175
-0.929867573
-0.020741507
0.210360938
-0.324313179
-0.716609766
-0.041722334
0.072766636
-0.071286126
-0.70756246
-0.194948817
0.189019041
-0.106445686
-0.717479692
0.060138771
0.285253031
-0.392723415
-0.502203267
0.035492674
0.230674551
-0.199064641
-0.557753864
-0.152700292
0.487184794
-0.150940197
-0.675800664
-0.044316698
0.398733446
-0.240889467
-0.462458042
0.076881976
0.136590961
-0.023793947
-0.536958808
-0.052900108
0.28155379
-0.090843529
-0.743067829
0.155150655
0.281697003
-0.23571274
-0.640003118
0.048934928
0.187614483
-0.07733721
-0.622998123
-0.252498861
0.371858596
-0.161828271
-0.698798943
-0.131559963
0.237303001
-0.381900873
-0.553600822
-0.114637859
0.085592273
-0.31402498
-0.653747344
-0.223701472
0.265367308
-0.35977919
-0.874443939
-0.134880927
0.24410041
-0.471097586
-0.690143256
-0.250478555
0.078521014
-0.301344802
-0.721899467
-0.389802192
0.158618548
-0.35776494
-0.806687023
-0.191774572
0.11385987
-0.571348612
-0.701293566
-0.189540507
0.012581512
-0.413954864
-0.814282062
-0.372346717
0.22448813
-0.388464024
-0.931851829
-0.28049517
0.135502259
-0.492753927
-0.711655135
-0.276052061
-0.013078079
-0.388584007
-0.72815932
-0.406751583
0.132510236
-0.451786445
-0.882499261
-0.190865892
0.155385341
-0.588776305
-0.787665674
-0.252351065
0.053559184
-0.3943361
-0.815969816
-0.439849797
0.192235036
-0.331854938
-0.856436845
-0.280250043
0.081632115
-0.548202299
-0.680703828
-0.246010111
-0.023384814
-0.443949629
-0.741466115
-0.334618658
0.184277977
-0.449172296
-0.91347892
-0.140295417
0.085276547
-0.425674245
-0.864974796
-0.202077999
-0.067628445
-0.246524695
-0.865052237
-0.340910798
0.033025961
-0.296188312
-0.892793544
-0.098030245
-0.012557122
-0.496440599
-0.722850585
-0.184360861
0.01698008
-0.411366388
-0.775184606
-0.361295511
0.242300251
-0.384845758
-0.919255381
-0.278691146
0.125954733
-0.490307528
-0.699651202
-0.274262651
-0.011407863
-0.249657246
-0.804849975
-0.287159766
0.024502164
-0.370210841
-0.956134685
-0.063034367
0.052688028
-0.474354424
-0.861532135
-0.134058355
-0.035968428
-0.289342607
-0.899590077
-0.32174164
0.198921489
-0.339867493
-0.853593631
-0.268097058
0.107673308
-0.538523493
-0.66745497
-0.215521794
-0.001972431
-0.405714522
-0.74574367
-0.312702395
0.18143851
-0.44521656
-0.918501549
-0.220797863
0.22090306
-0.521342119
-0.746990123
-0.276413666
0.049472896
-0.309756977
-0.755426224
-0.416997361
0.144623841
-0.36439228
-0.806729019
-0.206586996
0.100435717
-0.582999366
-0.734024928
-0.195763504
0.045247273
-0.412208328
-0.771937806
-0.36069202
0.265653239
-0.370770936
-0.907944978
-0.27338122
0.14142465
-0.467324361
-0.697767636
-0.25603938
-0.005271229
-0.374544733
-0.685518533
-0.368523963
0.142493672
-0.428359178
-0.848893833
-0.16136735
0.159640978
-0.54043447
-0.743658535
-0.231390856
0.074990757
-0.361138354
-0.789350097
-0.403688727
0.23923567
-0.271910208
-0.828799175
-0.239892272
0.139719784
-0.494285536
-0.61437049
-0.181183288
0.047155481
-0.359343437
-0.673089899
-0.267782073
0.250489566
-0.361072784
-0.854098587
-0.12567958
0.292782358
-0.332071402
-0.757819109
-0.090115717
0.025474111
-0.12059447
-0.755441398
-0.219903251
0.162637255
-0.173594398
-0.817007693
-0.025134838
0.096681419
-0.389974559
-0.736995388
-0.014435864
0.12037596
-0.329119454
-0.720653118
-0.27595327
0.313679308
-0.323025588
-0.88685292
-0.234090524
0.201897919
-0.427799754
-0.656758085
-0.243121852
0.034900837
-0.337199389
-0.683422808
-0.259446599
0.054987817
-0.326903821
-0.931106519
-0.045090508
0.089972141
-0.458321282
-0.841507935
-0.119430095
-0.004645261
-0.2459686
-0.892718852
-0.307335018
0.101933455
-0.209106798
-0.858813423
-0.287639663
0.058006498
-0.557854738
-0.700464493
-0.274114452
-0.041727461
-0.442216399
-0.776833245
-0.342660913
0.210402301
-0.373535476
-0.789175728
0.000298327
0.562159444
-0.019160543
-0.076027109
0.608990867
1.109721317
0.902410832
0.58785691
0.97163976
1.520916198
0.903027018
0.315676751
0.722749785
0.824527288
-0.040072098
-0.357917606
0.029880257
0.144103847
-0.377158604
-0.826862242
-0.455228225
0.146462936
-0.481839212
-0.993425136
-0.334677286
0.126855007
-0.515061747
-0.71786548
-0.287783319
-0.03846343
-0.378882034
-0.715103267
-0.412116543
0.119527191
-0.447332885
-0.886868383
-0.183317926
0.137992408
-0.562767065
-0.777422136
-0.247999965
0.068594898
-0.40082295
-0.822405926
-0.427236584
0.186005037
-0.330666217
-0.875147632
-0.304923124
0.085217949
-0.549848125
-0.662976082
-0.232674866
-0.003302289
-0.422132476
-0.744491178
-0.335439055
0.170918323
-0.431669385
-0.931453622
-0.218483011
0.203197094
-0.507245859
-0.771830055
-0.180030979
-0.066002829
-0.207929314
-0.85883891
-0.318372275
0.054522595
-0.251490182
-0.895663136
-0.101385372
0.013596969
-0.471504039
-0.804055225
-0.051985574
-0.001645888
-0.252393639
-0.740286766
-0.323055595
0.279082022
-0.30980588
-0.862423671
-0.190113116
0.243036992
-0.398957687
-0.609039564
-0.172479097
0.08867656
-0.260731908
-0.593294477
-0.254735013
0.273597467
-0.196464266
-0.81974586
0.098476822
0.201156781
-0.295365851
-0.712628177
0.031635971
0.149167408
-0.085660961
-0.688011619
-0.11040182
0.320065368
-0.012359248
-0.757335878
0.051072899
0.315190159
-0.287173049
-0.430282406
0.009377035
0.242935425
-0.168071549
-0.501374267
-0.082748558
0.419443351
-0.195509254
-0.670726017
0.012816351
0.459189994
-0.287737921
-0.520378575
-0.04748994
0.24983802
-0.10755636
-0.549372271
-0.209065637
0.352086968
-0.169668501
-0.607618784
-0.041653421
0.28859905
-0.418951838
-0.558867402
-0.032869207
0.183849279
-0.280923872
-0.654107008
-0.249079471
0.339010915
-0.281197543
-0.825988038
-0.192101957
0.220825732
-0.388568619
-0.637724301
-0.216025142
0.064986445
-0.323485557
-0.662833273
-0.35558131
0.166152043
-0.396168267
-0.825903353
-0.134171714
0.164896361
-0.582320962
-0.756088036
-0.249061957
0.077471142
-0.36844986
-0.811665262
-0.424327108
0.19532766
-0.342961926
-0.903374691
-0.291361098
0.04739944
-0.546820998
-0.692748012
-0.24789077
-0.041210325
-0.454461311
-0.786185447
-0.349004197
0.149405161
-0.465042387
-0.955372393
-0.251480806
0.163573115
-0.554520773
-0.808177768
-0.324904038
-0.024558029
-0.261916381
-0.903735427
-0.346486831
-0.000603221
-0.310917573
-0.948253978
-0.171906542
-0.050128369
-0.529505792
-0.842127199
-0.116593198
-0.10095125
-0.359889653
-0.94396146
-0.311552085
0.188137649
-0.424310515
-0.978065398
-0.309209161
0.111321235
-0.506812593
-0.732176637
-0.305915585
-0.061027519
-0.411368687
-0.763115766
-0.427884501
0.092206964
-0.482835399
-0.896084874
-0.104375015
0.013775177
-0.524430079
-0.897129798
-0.17872638
-0.084851787
-0.31795756
-0.931548311
-0.37457267
0.035794447
-0.271638137
-1.02027864
-0.216396058
-0.066472709
-0.462571598
-0.711054891
-0.271069809
-0.055196842
-0.465157443
-0.781688433
-0.399314042
0.116123839
-0.491870302
-0.961816208
-0.284348421
0.168497751
-0.562489358
-0.816189936
-0.337878555
-0.042711218
-0.40564593
-0.799976769
-0.465548363
0.107847617
-0.415116527
-0.858502613
-0.274878784
0.040920844
-0.636950442
-0.761888947
-0.227515953
-0.019075557
-0.460920463
-0.840676945
-0.419284458
0.16509961
-0.437516622
-0.971247634
-0.32485148
0.094195789
-0.51951495
-0.774505621
-0.315175551
-0.080356795
-0.435416811
-0.777933753
-0.434773225
0.111178082
-0.48385652
-0.912735631
-0.22106445
0.109104017
-0.647953604
-0.803125249
-0.314386564
0.024535618
-0.428852744
-0.842738076
-0.459880618
0.155678804
-0.383499017
-0.909804805
-0.337357085
0.026942122
-0.586390606
-0.7256726
-0.274506481
-0.056783693
-0.468450388
-0.815543774
-0.385386425
0.119400012
-0.484917011
-0.960000623
-0.269705688
0.168182733
-0.561097859
-0.832809946
-0.334806394
-0.032968942
-0.382159314
-0.828405219
-0.384559495
-0.010488799
-0.324993552
-0.953368137
-0.188811655
-0.049783701
-0.541537501
-0.866338228
-0.133263947
-0.104493022
-0.350643048
-0.951001704
-0.327288202
0.110372724
-0.319636604
-0.956414947
-0.310177436
0.162859671
-0.480609716
-0.725911488
-0.305780999
-0.03844014
-0.377221745
-0.720977974
-0.369453018
0.150752493
-0.410281245
-0.863075075
-0.148622032
0.181246569
-0.459831155
-0.847481699
-0.102754944
0.003162006
-0.26015882
-0.853013554
-0.304837444
0.140467356
-0.224042721
-0.953199857
-0.157770133
-0.003572527
-0.419807334
-0.745380559
-0.136331623
-0.004400212
-0.440679421
-0.79174371
-0.361721689
0.165211355
-0.455626653
-0.966593131
-0.258176542
0.176958458
-0.561198926
-0.824854364
-0.329236184
-0.023035611
-0.382019109
-0.806289267
-0.483913581
0.088590869
-0.435371286
-0.881482799
-0.296680998
0.013747317
-0.658645727
-0.791865747
-0.250752889
-0.027079524
-0.492801607
-0.883316343
-0.470368538
0.140773311
-0.484085662
-1.022114915
-0.398187629
0.03591424
-0.605121957
-0.823267879
-0.42478847
-0.15557709
-0.499135637
-0.832459912
-0.448559745
0.115946172
-0.365192016
-0.733738898
0.102913509
0.572383249
0.017457465
0.026981024
0.730384626
1.222972015
0.874808547
0.54746255
0.879038381
1.422155382
0.75073776
0.019872746
0.42784591
0.60940452
-0.193613435
-0.483938707
-0.167047429
-0.059014488
-0.564209053
-0.934500534
-0.538446557
-0.016511353
-0.602121137
-1.068440657
-0.358799478
0.083926894
-0.637555033
-0.887295762
-0.398880693
-0.088705989
-0.438990615
-0.841969898
-0.537423138
0.039510951
-0.390372536
-1.043648352
-0.237906309
-0.119863049
-0.581451843
-0.92074448
-0.19796678
-0.164523043
-0.423270524
-1.028731807
-0.39973563
0.018255199
-0.410299071
-1.152604595
-0.291072789
0.050095908
-0.583680579
-0.811520203
-0.400362367
-0.118200699
-0.485350753
-0.815479663
-0.48266971
0.018974935
-0.533298293
-0.966692428
-0.279228417
0.019133299
-0.693807362
-0.852171296
-0.224192426
-0.114374921
-0.36264428
-0.977509007
-0.408364106
0.001626193
-0.322799976
-1.05406813
-0.27829667
-0.088702878
-0.496684213
-0.829255749
-0.206955995
-0.205014251
-0.405807494
-0.825688361
-0.401480116
0.117699891
-0.494796499
-0.955976277
-0.243507753
0.162410853
-0.567514695
-0.795705932
-0.314760805
0.026481352
-0.330580763
-0.73561835
-0.420133025
0.154386175
-0.351287385
-0.804193774
-0.192482376
0.14267327
-0.533752186
-0.645187814
-0.124777607
0.108124465
-0.341794448
-0.718846305
-0.310074677
0.312852632
-0.294280684
-0.810638783
-0.160633783
0.263881753
-0.343509846
-0.584568701
-0.156254592
0.104445374
-0.256844993
-0.575538888
-0.249607389
0.256091557
-0.284637099
-0.732389262
-0.049202484
0.274209059
-0.475331431
-0.650602028
-0.108716482
0.21828035
-0.245543593
-0.69595521
-0.333542502
0.271326267
-0.245239277
-0.797016704
-0.181841982
0.167668965
-0.462567515
-0.597085524
-0.184410204
0.019211261
-0.393338568
-0.727121543
-0.317737857
0.204582712
-0.441533168
-0.924435234
-0.232929497
0.163316047
-0.539213583
-0.81955532
-0.346849153
-0.015780576
-0.385099079
-0.809987325
-0.474342587
0.070185834
-0.473178813
-0.890485305
-0.227466972
-0.098345224
-0.593797727
-0.909981947
-0.194262307
-0.17423488
-0.422890248
-1.028430585
-0.448684896
-0.005656345
-0.425339974
-1.174632301
-0.304728035
-0.096414399
-0.496255662
-0.85944537
-0.4582745
-0.189335374
-0.534753947
-0.867838402
-0.519770657
-0.023524703
-0.567937648
-1.027577932
-0.358503059
-0.02962127
-0.761608653
-0.939727243
-0.389136898
-0.089678271
-0.436146943
-1.057429735
-0.49029548
-0.088179539
-0.402364846
-1.143376341
-0.353496754
-0.163217156
-0.580596512
-0.921070485
-0.298544962
-0.28282854
-0.503137973
-1.036562483
-0.399367599
0.01242544
-0.616903643
-1.074316188
-0.401750003
0.014667358
-0.706476026
-0.956985783
-0.48013392
-0.147557427
-0.489402619
-0.921475698
-0.596244371
-0.025134502
-0.540425866
-1.013495568
-0.406721926
-0.093719399
-0.749024099
-0.868309493
-0.363657905
-0.130250406
-0.600731789
-0.989742749
-0.56712467
0.028050592
-0.571747981
-1.087749818
-0.437285927
-0.019511366
-0.640029973
-0.89139343
-0.462141276
-0.200814109
-0.548681644
-0.886308015
-0.552241967
-0.03611238
-0.617825368
-1.022238139
-0.363858043
-0.042810451
-0.776609465
-0.972119848
-0.414333192
-0.094335415
-0.540069195
-0.978196394
-0.605751804
0.013930843
-0.550140699
-1.055436328
-0.453211836
-0.071857974
-0.694353202
-0.856071102
-0.409782492
-0.199568949
-0.606382898
-0.970736399
-0.514229742
0.026116399
-0.621406465
-1.084820925
-0.410690578
0.010561462
-0.715153276
-0.969911217
-0.470134914
-0.154424309
-0.516675149
-0.915471773
-0.604778021
-0.035796493
-0.558667492
-1.021361658
-0.435639083
-0.088018116
-0.660369525
-0.993972653
-0.264698817
-0.249876789
-0.512779602
-1.101201542
-0.473216652
-0.063644972
-0.479770167
-1.194755938
-0.345445877
-0.126161526
-0.537176795
-1.002283703
-0.371969811
-0.214514713
-0.558194357
-0.889099776
-0.559847184
-0.046547544
-0.609340098
-1.0475523
-0.362226304
-0.061573711
-0.766272082
-0.942462484
-0.440620476
-0.105946821
-0.547141634
-0.99306994
-0.51448407
-0.119469001
-0.431035055
-1.170372096
-0.379532491
-0.184377424
-0.585319898
-0.930513714
-0.310485509
-0.303594227
-0.521548314
-1.047357738
-0.413915894
-0.080077061
-0.498669322
-1.074316199
-0.388384268
0.031617048
-0.703281735
-0.938625595
-0.459165186
-0.136361185
-0.459002679
-0.89814374
-0.554358988
-0.006853516
-0.538587843
-0.963527999
-0.366840104
-0.03444252
-0.718944125
-0.812165677
-0.263081425
-0.068563649
-0.526000802
-0.922693552
-0.501047887
0.137924403
-0.495312472
-1.016966185
-0.353975254
0.052491805
-0.581279627
-0.855329396
-0.391016756
-0.151839956
-0.507798098
-0.840670945
-0.499468713
0.023120698
-0.566639311
-0.993218445
-0.330458932
-0.012230213
-0.751534244
-0.923044958
-0.389668471
-0.066397235
-0.542697357
-0.969746062
-0.6066262
-0.002934219
-0.527697982
-1.038282108
-0.454456765
-0.081732595
-0.701540486
-0.847712608
-0.41984699
-0.217770431
-0.64701115
-0.968534614
-0.528191365
-0.008928761
-0.640835577
-1.141815493
-0.419878126
-0.007740316
-0.746654296
-0.986928907
-0.532086343
-0.208769704
-0.549766941
-0.975883313
-0.663099285
-0.119580175
-0.648169596
-1.057265825
-0.438796853
-0.080060708
-0.712005948
-0.736394713
-0.0083534
0.141033769
0.04571008
-0.343916036
0.479127207
1.078300978
0.789764613
0.18121259
1.037470793
1.209050269
0.64472151
0.04960463
0.470936361
0.348638417
-0.000423847
-0.580847025
-0.391013631
0.018469726
-0.640760308
-1.151549577
-0.507707259
-0.178429286
-0.902336253
-1.065110692
-0.492542534
-0.174328523
-0.601320616
-1.034948823
-0.664626321
-0.06708337
-0.467263648
-1.21484621
-0.390915297
-0.228481174
-0.638739877
-1.003289832
-0.373497212
-0.356140374
-0.582965407
-1.100826286
-0.467279076
-0.143714319
-0.575790253
-1.241918507
-0.354898681
-0.041931422
-0.752024256
-1.019611721
-0.526977054
-0.187953736
-0.540666751
-0.962281237
-0.650373444
-0.091401276
-0.615132687
-1.052010462
-0.46611293
-0.12987802
-0.805014885
-0.909131138
-0.403606016
-0.17713517
-0.636133375
-1.033995782
-0.608416137
0.020513194
-0.605248441
-1.108138704
-0.470732447
-0.082101625
-0.702450154
-0.919749858
-0.502398224
-0.227798698
-0.567728174
-0.890075381
-0.553331211
-0.044565074
-0.604953081
-1.057473682
-0.376941465
-0.031743952
-0.746909219
-0.923235821
-0.388820847
-0.067258272
-0.506641348
-0.939077046
-0.573246053
0.056216463
-0.449378632
-0.965507892
-0.37897778
0.022720092
-0.610669403
-0.77151121
-0.301995281
-0.104870986
-0.497173765
-0.799265543
-0.376510436
0.151506492
-0.445115727
-0.93518831
-0.235211108
0.166049003
-0.538107059
-0.759874288
-0.302969505
0.03625027
-0.307631006
-0.730047081
-0.401151693
0.155264169
-0.377625076
-0.811984678
-0.195217085
0.147738795
-0.547280549
-0.672241994
-0.144142365
0.058036367
-0.300255809
-0.872528669
-0.27393321
0.136059552
-0.285618795
-1.005152411
-0.16503168
0.040023822
-0.384166682
-0.843764408
-0.220966375
-0.135941169
-0.301035528
-0.822920117
-0.320180707
0.08812883
-0.492549664
-0.913129073
-0.259002318
0.052377296
-0.660744934
